-0.033690914912561355
0.017214274370699393
-0.007419908712432627
0.05692613736792069
0.06201790761851156
0.02439093799478318
0.050513112213988076
0.015190902690080227
-0.06290039131861663
-0.010328259595180675
-0.009153645571474849
0.012611755538116205
0.04324530114856856
0.11113757017771698
-0.01828771405906944
0.020666976479608683
0.06551297687690844
0.07204829410290838
-0.008559712730275131
-0.024202338317601206
0.011130464769950443
0.0545921820881126
-0.0001436965941239029
0.03339036658415164
-0.06496742626903992
-0.01839511952590759
0.03555511749782142
0.08999418466170868
-0.03450768674760076
-0.00043469615387584294
0.02527832592948602
0.05865321746594745
0.02178856484737086
-0.05317281333611156
0.01611515518515522
-0.04323576063077267
-0.020671341582900103
0.005337081318370367
0.031868410462454436
-0.06338498944983526
0.01964379706252067
-0.04859140852884686
-0.007661713501785285
0.018010214625774287
-0.01667074096595189
0.03317571097612043
-0.010743133601992775
0.050754674327062876
0.013045743249130621
-0.046080804547704406
0.004691243935456457
0.045816049245646216
-0.033761067723238496
0.06848948579916632
0.013884748848266461
0.032745167940386205
-0.025082925190604902
0.05945408379323317
-0.05355172073709847
0.01084120333219738
-0.01872334581681037
0.0010420019949126111
-0.009150712506370258
0.051198246110044865
0.001619259007785005
0.04099497399439226
0.03617481362346971
0.011540990128624059
0.015679677479052852
-0.0042829413690768
-0.009247138051213036
-0.06293559948800119
-0.027178264394009704
0.0003152407400706892
-0.058706960007565874
0.051710228472201705
0.03808593048110774
0.10215449182745796
-0.002203146960780253
-0.07770380445620222
-0.06473177330040071
-0.008867919407554303
0.056261050729100315
0.0673206733826407
0.10610379711699608
0.014530791760427651
0.013284576508257928
0.008718534431439103
0.03628606743256834
0.011743957782528673
0.08385876712065875
-0.01887082843649274
0.0142834692161775
0.028835790356082684
-0.07367993238327702
0.0029681463806912885
0.06831861476257284
-0.02176833411190145
0.026262482759881668
-0.0015499186884842231
