A0478
-0.0032424240861844396
0.04032281806165211
0.028585670017872745
-0.011951931804375503
-0.024909987926023437
0.05160453207833736
0.004938584541201247
0.0015721230536739326
0.027056620958870382
0.04368446628501456
-0.03313970737723898
0.02511643454697326
0.03309755032839213
-0.03646786432961246
-0.008804527151956582
-0.011671430391480886
-0.03270518108251658
0.014507067105262431
-0.027130876147565833
0.03529433654369993
-0.053495174791478806
-0.0393849221886226
-0.014549386489067935
0.018010654174677655
0.0669713960908389
0.03671597010093426
0.015007704839578154
0.006543365499736135
-0.03402585046460448
0.03538941458540884
-0.04834815077101229
0.059214281637997024
-0.002981116769047302
0.012618054996699837
-0.08234294969022907
-0.0782106637526424
-0.00993181814314428
-0.010558979174972137
-0.023045865727958838
0.028444459457613456
-0.01926701697008213
0.03183555005807597
-0.012584144635874739
0.05061473606122542
-0.05589424690952944
-0.08644629906593718
0.0764243163952034
-0.057100981365469095
0.04648464703175385
-0.02656154180476901
0.011914386243546203
0.05521242527017831
-0.04833347653093157
0.0553202542707798
0.040730013676889415
0.045109708029680916
-0.07129219752768018
-0.01347671286670749
-0.035812471160662204
-0.0037851367592863488
-0.007337349756135531
-0.025901320061786193
0.009366729989624989
0.03505751585475614
0.060457048201763036
-0.12663311443863898
-0.0040720724991527785
-0.037958100532112876
0.09200607925901812
-0.04442189121381742
0.09902008911878869
0.03342772680095046
0.023346077228173178
0.02820675384911722
0.05133318371611937
0.0016203308417767407
-0.04604788503668686
0.009400702436852855
0.002668970415094794
-0.021155886435495323
0.10398174036090486
-0.011683396814350835
-0.020275724939764476
-0.04311920934100438
-0.06096519075378396
0.017269433724778363
0.000558451360368714
0.028387104655998356
0.031087006731800978
-0.002365900755226458
-0.02598211971109332
-0.016627456669973263
-4.5826130553192556e-05
0.0009555097416367818
0.04879155085212986
-0.07450905149689685
0.028479579332533138
-0.052248877286035375
0.005103726336294011
-0.00926316407771651
-0.0066929523272256175
-0.033473982521528244
-0.049499876621557484
0.0033755452685825093
-0.03797540408068883
0.021097314054855345
0.03845094211057225
-0.018782259215578696
-0.014655905814112018
0.08089591277675066
0.0560316897537942
0.006486723545768742
0.06559511968097358
0.00015304164248222682
-0.06053218312825205
-0.0007611767783420598
-0.04019661618533669
-0.035749934109077446
-0.021353580244089235
0.051361010205702204
0.029348773907279187
-0.07098536061669773
0.024869307064290944
0.0693447689444885
-0.001650084750229911
-0.0020571506117121113
0.032624088085423074
0.04863990199597638
0.0039199657329014774
0.03327829512555997
0.010635752131095442
0.01732718845831966
-0.010962865276894216
0.06194651437058995
-0.024629286105102965
-0.02670213248357395
0.04091456795507115
0.01049592318193903
0.02215148917163288
-0.02061579960877308
0.049869263368146524
0.048095513971235924
-0.05381980776012056
-0.0005029197247133171
0.017395865346054508
0.005502372618044485
-0.024907841351981364
0.04553942563421448
-0.028034718649982922
0.023876436754142045
-0.002768521300432841
0.020251979344405924
0.055867693314060676
-0.0658976254041163
-0.056806744369330246
0.049278809410481836
0.00017233124288413356
0.0008821151520461727
0.0411937680747609
0.033181786255866125
-0.008536341871297398
0.014777746959685301
-0.002591793339000533
0.003814584514010054
0.048487167168980896
-0.05515438003919952
-0.01270582705487131
-0.03930495580581949
-0.0011007930417998395
-0.0032822231324108227
-0.013960870301597672
0.020368061509097854
0.05364058732769159
0.04953139808985823
-0.01960322239731079
0.05033546177911332
0.06811656169192161
0.014371680594626873
0.002181460397077512
0.01753141462247394
0.03201535020015472
0.03600154867359153
0.007114554303331084
0.025909808389154004
-0.030679171296185262
0.003921767125115471
0.026125966976828667
-0.013920274828791348
0.004049810498227113
-0.08413414069661514
0.038267885192959164
-0.08021919736866263
0.060627323360100224
0.02427197447721992
-0.032699444408319886
-0.05032420315143814
-0.0652278878425303
0.0224079660004587
-0.04549796801335059
0.04618255863635375
-0.004383162612132825
0.035167783874957156
-0.11432835252298813
-0.06425197627377328
0.00566094938968331
-0.005697564116111451
-0.046497352191443096
-0.08553797939345918
0.06625525447289936
0.015538742347111016
0.07217382625928143
0.0419257704384371
0.00640623766292334
0.0011181634666905152
0.014710860394393094
0.014771439796145133
0.038017114318838335
0.02939972380131684
0.03324630977659031
0.028701787202344047
-0.017801493403892105
-0.04232999595029828
0.05342833554663125
-0.05780717059188129
-0.07726376822027974
-0.00750882083163689
-0.0201091459628007
-0.046676117366631534
-0.050336540743011
0.040851630129451685
0.005825835375763321
0.04897748920473473
-0.043523735774742923
-0.028745776472083817
-0.05453826251611325
-0.06879047773200225
0.02062513834000308
-0.04730707412182663
-0.0030449002583159885
0.016239006353193784
-0.048892345974829554
0.03344533314160306
-0.02739528266805452
0.031298455987363576
0.03579659010493546
0.06053312066828476
-0.004036596970508878
-0.023189225395323993
-0.05310938295961552
-0.028313123330778955
0.08685734135444977
-0.001597365755701786
-0.05076238613811948
-0.0015621939195929052
-0.03938093711999758
-0.06331450193777653
0.029662475028907734
-0.059423613236804756
0.06990918504662352
0.007764685409404255
0.029419075077522387
-0.01621274068095324
-0.03196717032823326
-0.005579155367300086
-0.016691895848030835
0.02180489987017997
-0.04332552310632762
-0.06839883093778643
-0.015697884874718106
0.002162304336709308
-0.03004112331989502
0.04466161042095223
0.016742600487376975
0.07217246723941496
0.007769100946978629
-0.10030904075535883
-0.005605049348444633
0.01256799824828822
0.010047610204849273
-0.009792718506951624
-0.01470366009644768
0.045276423421600986
-0.031461587678535
-0.043045783183779836
0.035405854410759
-0.00769255705505986
0.02415962151665102
0.04488787685001335
0.016805836439456268
-0.0266501836580212
-0.017098526009657753
0.012771813804756118
-0.005279994947656137
0.007374081419804762
0.059822474602596556
-0.03145903304346453
0.014930645406974632
0.09717873170239656
0.05098410285417139
0.01556664110314071
-0.05949335284413567
0.007994808260602478
0.003481375293969362
-0.0732284876478827
-0.017004263111314765
0.020050583154893352
0.014269814524376001
-0.03678139940913521
-0.0038083540128922805
0.04866006567755424
-0.022461907026584998
-0.060090021692850416
-0.005891846559629481
-0.00623043876942721
-0.0057448338859803876
0.09409290655482412
0.015710106337292813
0.01921941247946685
-0.00582472533992654
0.0007751354542773509
0.08111796886514135
-0.016416457973792934
0.04401541163272461
-0.022092511298384042
0.007805174436259535
0.012067253752911017
0.0012547976931382816
0.00449641966154476
0.03382866492103744
0.08430585849559863
0.045784124540009324
0.011528849404485106
-0.012281251278619593
0.05202397654236242
-0.017972236872916453
0.07064121507800836
0.002254729435913458
0.016115417227439612
0.04627588117002548
-0.04692663237461874
-0.007096835790672289
0.010224228633856825
-0.059727616359940276
0.00953323483219836
0.05771338491146603
0.022365338407536402
-0.021490283665504345
-0.017015647384352014
0.018829135289156633
-0.023607070404176655
-0.012460359883568922
0.06257991912727609
0.04487334751014638
0.018333459044024374
-0.020748935517562083
0.03234146208238618
-0.04763226748864873
0.04918173487975214
-0.022378925745617027
-0.01017484713376515
-0.03678136748970845
-0.05506081580465886
0.0544366263286075
0.043546268931035234
0.010921334002554217
0.004449293392501129
0.03673364666260467
-0.01355389008143443
-0.08015668330008938
-0.017724793953385908
-0.009305426020217231
-0.0004538980340133751
-0.04830910466796293
-0.0438695731311151
-0.008795884045747373
0.05086994488195109
-0.05950741061506975
-0.05559176129458551
0.024788188081262423
-0.047009898955343826
-0.015068197319678569
0.007541481046890868
-0.07078920782229337
-0.04523775126622664
0.0473539887349829
0.043649109153970723
-0.06240593701380179
0.03328880047390598
-0.06647830432313477
0.073437963413232
0.02014587854656331
-0.06678700973075216
0.007070708453994576
0.01394551393584446
0.08056336698055852
-0.03964407348371045
-0.007822367603729887
-0.022443912036715967
0.04981663192589775
-0.005839914529054653
0.05325732105342383
0.006696061409109777
0.04245748673875592
0.07984298391956844
0.004986039562993936
0.016719596187833214
0.019502485016569142
0.05390493460469511
-0.013539060487890251
-0.005728957122014318
0.016552688062061706
-0.020500760415746437
-0.01310728795785733
0.04078403660754641
-0.0358842833883138
0.01924060958719737
-0.012669249823420064
0.017582757970154947
0.026227383951400386
-0.008776863595189083
0.00320308504319353
-0.012515055961812306
-0.03258215667603308
0.027663640885622703
0.01027378854252594
0.004850692669347748
0.026461870600353838
0.03863599469238588
-0.0766040806887618
-0.02261873912147342
-0.0011747252963259292
-0.050105073851494465
-0.03838391549746949
-0.006105168734532207
0.007238276746426478
0.0445240570541608
-0.02800605493818829
0.05512717866358988
0.03207840447085868
0.028493155394004016
0.007673269877264349
-0.030362345098016507
-0.06636818625920377
-0.003314796864077968
0.02341256059764064
-0.05996956428106362
0.005730054136636653
-0.07023455603381722
-0.0706762307789805
-0.0174411668995926
0.03539050697229033
-0.006470719288674793
-0.025429723644950077
0.01140486143483663
-0.008464403755441986
-0.006224189035120516
-0.08133688028181536
-0.017109594802912197
-0.02884941602199942
-0.025115940171404727
0.027687789194435892
0.0011357351324915881
0.052614399406243254
-0.008682354380552539
0.01379524396170574
0.03699402822960828
-0.007856860294197856
-0.026282222664378775
0.013333100229380475
-0.06057329744515767
0.02494616482613721
-0.021960084963728834
-0.021921281141421393
-0.05172227831275412
-0.0330215076210077
0.02716428149517168
-0.03095716708227301
0.04628961983293153
-0.03426621041435552
-0.05519529523114783
0.049810370827824045
0.04012306953389218
0.01870992833159524
0.010393724464144511
-0.02974280077134886
0.025223199504743273
-0.05499605356194822
0.024446853313420648
0.008226912499716757
-0.04263600854884146
-0.048767943645890224
0.0029868067073951046
-0.015339799806579664
0.022188291905299033
0.031901925938043675
-0.030973514667171385
0.07034030635953141
0.08143276630994092
-0.03017030361911036
-0.02408112074131753
0.002243168310005001
0.01818761174802908
-0.03789628728215423
0.03923745837631282
0.006043072155282308
0.048363614012582844
-0.03880865359539605
0.08357778271203593
-0.02804458178001672
-0.020467133887257086
-0.0066864681368785294
0.03859566090128267
0.013975237374878609
-0.05337793406275683
0.05156244605194332
-0.015215062713025019
-0.0011675890380348072
-0.0067725323798125915
-0.004882787016129655
-0.01711518877963247
-0.015301024655113194
0.005452968661105459
0.041772916847703526
0.0097552631643805
-0.00997551504147522
-0.012323455326234052
-0.05801017436920426
0.023708432703342126
-0.008945621515776957
0.034058630935258
0.010626972860073493
0.014679171794690405
-0.0264770348827091
0.0029130642951707194
0.011472998349857348
0.020545785314402844
0.015006059950094972
-0.0048680593365503025
-0.06930308883503435
0.05126859707107163
0.001245861413627402
-0.015280377680732586
0.02087420237684534
-0.015204508258516287
-0.002875203928407724
-0.06937579334429811
0.020424386949374304
0.024717370106126575
0.05396101095788569
0.0022714297839572803
0.008402633469921315
-0.07372620308519583
-0.06150822925863564
0.09166967307209169
0.10438148478168971
-0.03623031193288311
0.002687925541323923
-0.0203285677792644
0.06874063258711802
-0.00926075035415188
-0.033003240811646524
-0.0012609600661071373
0.05166558776902297
0.011677730549816561
0.032777718702293075
-0.0711048537275151
0.02986481006802418
-0.08952423289789005
-0.004117463322140287
0.0008629852500573426
-0.008027977218392945
-0.02864616523674767
-0.0013869243643812573
0.05635312042207243
0.036710628194550496
0.020333032205031538
0.0827833269427518
-0.017423084184747695
0.048750001961879834
-0.07027793262532532
0.0120182847077903
0.048999039594189144
0.07146542755890303
0.012310538824016913
0.04295889441628985
0.012083517869672652
0.00019756496194097984
0.03030626769355437
0.04972352191288185
0.023157149082734033
0.01407296230921716
-0.05047003649657593
-0.011145011214835208
0.04087909917818467
-0.04582466628217324
-0.031027870959866637
-0.02377833552846483
-0.012705858829241393
-0.02245100105232359
-0.037601768134863926
0.02651362428118909
-0.07156361688071507
0.0012516720327297704
-0.01063510624147739
-0.012482497651195768
0.021383686864836212
0.001609168361581391
0.03364106169682085
0.005165206256712696
0.030554182347923748
-0.015438238891989314
0.02974114120539767
-0.029850073696239345
0.013120928892720676
-0.026750265987679933
-0.002100964280905369
-0.03311287671300249
-0.02731750289123542
0.0013721952276275725
0.015474825587362103
0.04250173940768819
-0.013822107750607835
0.021893886707110385
-0.05203781261004079
-0.07861774629804127
-0.0041885083757833745
0.07771829709868036
-0.02210304008800506
0.006024517495308668
0.0741968661066758
-0.0888398882546448
-0.0031462062311758293
0.004457364121659122
0.03888091357018931
0.0019427920086131892
0.04094230897448729
-0.025090768455298496
0.08008941389907756
0.009500700469932302
-0.03485479160243708
-0.12568216015081998
-0.05069517796309882
-0.04616882531003459
-0.03451361414173813
-0.020013129583918193
0.03579715538610692
0.04394492334995743
-0.06972716104923268
0.12820400098397663
0.0012016924793587713
0.08024911818571286
0.037560678119612244
-0.01245941574221425
-0.049727427844295166
-0.07843586494930427
0.01932628489165672
-0.03861122196271651
-0.05489434746389411
0.04401897925775347
0.008913021341169008
0.03475180747006476
-0.010155294628051542
-0.028522007428958985
0.010487850305390685
0.04114125696425331
0.0037462511424204863
0.012181617498972366
-0.008035460833000038
0.03852243458248517
0.036316674799329624
-0.01746452316816191
0.012150784171391753
-0.031158518014514715
0.005368406464625405
0.018109735421641043
-0.049401863024469306
0.08348979133060505
-0.03642205913010335
-0.006259156505637115
-0.03191468935978144
0.004889639689459683
0.010070992615993559
-0.03735740953878265
0.004691031939094889
0.010680728332474796
-0.008622359901077459
-0.02427668684354269
-0.03223309681951641
-0.010322306104593471
0.023908654834819354
0.02921896469172099
-0.03623181130555236
-0.004147147926200207
-0.038880859994309305
0.001130733591930556
-0.01596089043373835
0.02610488259497853
0.013175002148532764
-0.0022090564861629402
0.008009105221780787
0.06342510379550037
0.025175993065165426
-0.008256114334795764
-0.02829402679899793
0.004657311576426357
0.02065774616266767
0.051355511639602225
-0.07267481819504204
0.01053698712563506
0.0759008221423964
-0.020247749710651665
-0.06045884676738557
-0.02418680095319386
-0.022662635244728727
0.0006773167468817354
0.02392733775290582
-0.030190376025840036
-0.03766274048851156
0.07309401837909191
-0.036234397946410014
0.03469577737792862
-0.014277999084842681
-0.03134773225892609
0.011134135822753435
0.003720922524866066
-0.009930797319249614
-0.01844893201198016
0.014387349909527116
-0.01310914536411269
-0.039343000804297146
-0.03792138224021761
0.010976706394371998
-0.012276006576006993
-0.055629416933016616
-0.016024746253040782
0.020282772647108205
-0.05737850589167693
0.030650524745185353
-0.13095490817725705
-0.002325466109812245
-0.00433602794235187
-0.05143896400628555
0.002258733564722529
-0.030038618936661758
-0.08305131467597099
0.07202347578720585
0.04244114454906293
0.04439519803244839
0.047986352487199485
-0.00843761494289328
-0.008138137186172106
-0.033747340043918606
0.06551288032519285
0.06954974156409191
0.04547502345302413
-0.061756098437165965
-0.002698097947644725
-0.04519875471830389
0.03511412984959234
-0.026433194747269646
0.06160158517946274
-0.03465584993550255
-0.03535075594382542
0.012366386599220586
0.013277495882772153
-0.02797643151490942
0.042026593424834266
-0.0020763180470384475
-0.013724388727278186
0.0019667375509123362
-0.033222821663571635
-0.07960987819925101
0.02864635619601864
0.042776867432258295
0.02329736939389655
-0.05144467907335231
0.01444813670839221
-0.08121938418185001
0.06302287369075643
0.009375496009585548
0.08872054565914543
0.03224225530585166
0.03967826408620822
-0.06387702183748663
-0.022117325290027114
0.07766294396565881
0.021995796217311
0.026619647448174764
-0.004952417547594294
-0.007602528694790213
0.026425458371193977
-0.006842686680296254
-0.0002624752860292441
-0.030459737558661888
0.04700827581181888
0.00065392455572663
-0.06076022002471785
0.01659179152097996
-0.022603567096055068
0.026299785406357946
-0.08166939145012135
-0.008355448640064392
0.002207412438067267
-0.04163117033583618
-0.03450312795329658
0.034952626169565106
0.016143541496655464
-0.01191223572947835
0.045226703590055664
0.07496640180508848
0.01844217964148955
-0.002993598984916381
0.05631760414883461
0.055545396328913144
0.015973409418782537
0.04726898982072043
-0.0002834857861843926
-0.031785737566780256
0.014726170623486393
-0.05361181539430808
-0.0008557396920355448
0.03392211451552471
-0.010612285982244818
0.017222916280554727
0.010499955678693842
0.006166280283539807
-0.05448425664042771
0.013482752537767498
-0.017154353737506366
-0.00942813964411557
0.04275109088281513
-0.016328762156339632
-0.003325929482600271
0.09431422841104371
-0.06471936902966656
0.023136501160258373
-0.04966673557432994
0.0423338471389798
0.05017398980867277
0.00623525461946254
-0.028736473116207632
0.032952686675523715
0.06159919225424071
0.043385387234770985
-0.07095075169054464
-0.016724998629263185
-0.05260476227775021
0.019223859141696133
0.006113689146227567
0.025925549662966882
0.013995993903233216
0.04561008933587937
0.016338361793706218
-0.03177154055027776
0.0053115242341196505
-0.0037411598451908856
-0.02080003062410833
-0.035268036588382685
0.029136036790174617
0.0204458879747979
0.013750423681575292
0.04459783753841151
-0.00862239588449233
0.03698692477302406
-0.09621313468779999
-0.015059321461191915
0.028320764143722515
-0.01420501329267856
0.04857747808124283
-0.01663010509352285
-0.06736713289006382
-0.030039051384610535
0.014184504763484129
-0.02752708533179355
0.01814758375440054
0.020600840949076184
-0.002277481393084147
-0.02667010951581089
0.008164238558289336
-0.007523768697991816
-0.012406312396329782
-0.0012187602323236787
0.048694240113652365
-0.0029859876558525514
-0.08891477792659173
0.008640650348601033
-0.057316743189126
-0.028170792996360067
0.005984655827501448
-0.07852859698587725
0.008691463227436873
0.01334464250156307
-0.004633899534425872
-0.000870853016848715
-0.012209397345840665
0.04223381837000167
-0.09459494978737551
0.02861427382319499
0.017989804603478404
0.04409161796512718
0.023304339947185223
-0.021450262619690654
-0.0259890205916387
0.046133209605041275
-0.07414095329784345
0.014149098498938462
-0.03576718380597067
0.0015900252301248156
-0.10777994441728396
0.03011649527077103
7.55276079218979e-05
-0.05330984086326839
0.004271970533434674
-0.035927168547503635
-0.05978991407687932
0.04684815389290406
0.08646879402040368
0.011973347053591848
0.012979425858399873
0.010585762903364963
0.011814282484109295
0.011393683700635196
-0.01857522272684064
-0.03817906712966727
0.0592794757821904
-0.006053981704718927
-0.014890858860930571
0.026516167333794815
0.055635710107759306
-0.03987611517587252
0.02383391485353437
0.011658917444109776
0.013790313883979905
0.017870579643348115
-0.04320647906405224
0.045208476721670554
0.04827584919146716
-0.11448124305921996
-0.019096536378335534
-0.02440673787848557
-0.04072117844465311
-0.02358487510351415
-0.027045568365143383
-0.021354675344001508
-0.0022273067973952714
-0.011478063687355274
0.037861507138365676
-0.05748364014080228
0.03554987968259847
-0.03843260701753103
0.018533476843502074
-0.018182806497433483
-0.007877177022873839
0.03788333376440704
-0.004189142889122381
-0.030021698343998874
-0.001499687309609395
0.07813209466944217
-0.014317014553715025
-0.007047319050599132
-0.04739933462108094
0.017341551244141832
-0.033545526521703936
-0.028812001363994335
0.008561657292013337
-0.00712310182522889
0.010518845154836021
-0.017657424849089588
-0.013664211705340499
-0.029221889593940877
0.0003494704547421842
0.020271949273708963
0.036946004111840056
-0.03745184604764316
-0.039765579334153214
0.08308776226079281
0.031046590814447526
-0.09365933201011652
-0.03950211551553943
-0.050719356406426906
-0.05637083093635169
-0.000979364429654617
-0.05629021623056061
0.013379814472196012
0.0358562689771258
-0.0221295053155566
-0.010351836267820722
-0.019178521680943753
-0.04414218030852747
0.028674614037108116
0.08085715414972094
0.011673730416302097
0.060534705228602874
-0.10336026188303427
-0.03407645490107616
0.030064536336529002
-0.03292047236621129
0.040178890470953674
0.018977112174634263
-0.029064457284824933
