A0478
-0.07213888591739302
0.0834139956800875
0.03605760672398287
0.023792671972324927
0.015898539335355774
-0.06721184886524469
0.02729335954921958
-0.09677606162264508
0.015748666859901974
-0.04198407372901739
-0.0614007121761392
0.02978838969536276
-0.08450500735325196
0.06708178124235471
0.06579801197254147
0.008469356046088243
-0.00899446275198025
-0.007802869737087304
0.06959628701182363
-0.0010768413020258033
0.00482725421625595
0.03143473652064016
0.02579481275042531
0.027241268332245733
0.018542432148822504
-0.019807266047553555
0.0035405914531203937
-0.02362903058566041
-0.0024869660048982964
-0.042213780247321385
-0.02838941012168869
-0.0034988200731559662
-0.038700763178634946
0.0010365019168292998
0.013915858053280834
-0.024163414807165957
-0.019182093963225885
-0.02382332266392094
-0.03565582332554734
0.04975549545272711
-0.0014221989410270505
0.0019245313741282442
0.03582628831635092
-0.05020730313315681
-0.05676909140283857
-0.009765684699176247
-0.05700869001898577
-0.005955603271794958
0.05561491726546191
0.012062507004962017
-0.009304489124111161
0.005612651185603692
0.034453379406735304
-0.015466163597676772
-0.01836233977638686
-0.05309019453248921
-0.03948452524748995
0.026587476396630897
0.013530266533633529
0.030079809668283032
-0.04924783248929538
-0.005729284410110712
-0.05081966360848755
-0.02520351681477807
0.006504108038216304
-0.03992639727001187
-0.0062116531891558005
0.0030388194901528305
0.04954371770783963
0.05463836520042014
0.03241918805152593
0.05481670108646704
0.011667137268294096
-0.01013806272149866
-0.0426532049440724
0.057175264621027504
0.012061294584161265
-0.010055807561611799
0.03912853007670493
0.03607268779334992
-0.04271463994085765
-0.0020336727516471757
-0.025294078016721323
-0.022468339849481374
0.0017831364823190099
0.05966673681535444
0.04159207646404366
0.012726614107735465
0.01629668419475577
-0.02209356925198405
-0.038383373766087255
-0.009620486558959728
0.018580210465050748
0.04219730183117473
-0.029664109650486607
-0.056851734627421865
0.011256396622895874
0.007153270383860108
0.04061864778432466
0.017767784915136035
0.01642792963077468
-0.01683828329510428
0.010592854179375062
-0.03913357587267535
-0.005687776448943966
0.0600737962328004
0.015710574934276387
0.08614085644410455
0.011007034673266844
-0.025283264063181182
-0.007216147768381308
-0.10636330707230003
-0.06021369280444759
-0.07878171042304939
0.009559333858244064
0.06250361206630559
0.006888457002218195
0.0264073970393356
0.043852849392495126
0.028806297103129253
-0.013680272643284745
0.001008053612741182
0.06499274513378947
0.04806479557523833
0.024798665152482365
-0.01634955747550817
0.0017594069119157146
-0.022752055630457436
0.016820670665029992
0.011521856626638089
-0.014495402613973403
-0.0003500125498542708
0.0030063047032295015
-0.037741409106719005
-0.06338045481509239
0.07277998141874795
0.01485090703113001
-0.02377543158741181
0.0316336418360624
-0.04565496171174411
-0.03042136221323777
-0.06043895160307618
0.09187739879441116
0.013318467681858738
0.044298668396458095
-0.0267499944994582
-0.026943415396481003
0.056120032550186966
0.029393097014778845
0.058766297083736145
0.002701532271389288
0.019004683143445677
0.04707358268335254
-0.02714442724465722
-0.06479320542085755
0.06797755129267329
-0.016392320883974985
0.0034868169888919373
-0.09069055498297279
-0.0565059780751608
-0.024714811804179983
-0.0016067138520049734
-0.01040544543255555
0.05929730665732528
0.02075872356264144
0.026803996014850097
-0.036044634014653014
-0.021773679043550667
-0.011914838146136128
0.06600123088812074
-0.038966034995034614
-0.029615701690183776
-0.03137211665910377
-0.007478473970450656
-0.04575207549894066
-0.0653593127262828
-0.013539688754435213
0.016654617861245846
-0.009324264435634614
0.014327685816331313
-0.01338094819730494
0.08507768113411285
-0.013869486274555056
-0.02622432507306831
-0.04852590979184968
-0.0218333501042892
-0.02475514130283925
-0.02397593793364464
-0.0467492707772575
0.008022881566368633
0.03696903843711275
0.043704868091226014
0.06428539234885035
0.008886609743713416
0.07535577159863527
-0.007240256723063489
0.08389948697998699
-0.01734437411488412
-0.0635388131746352
0.006549599838376077
0.01599452552397329
-0.02358139470853288
0.005307735246708337
-0.05476119719297854
-0.0555170779652515
-0.05591517031568155
0.042224130687826184
-0.04403439653408768
-0.016193505419767332
0.043516905887434
0.08814544120907168
-0.024012443450285966
-0.01703408111867339
0.005156828976605417
0.02419135056197401
-0.011571958031636062
-0.01370722002695816
0.006755141146421465
-0.03446618762644148
0.03395967473528861
-0.014768693588747524
0.007205087955407133
0.04367142031218662
0.021345344923749034
0.04412765438222272
0.012341415619320915
0.018282807049859563
0.033597009864352295
0.05296939581269263
0.03866063264721655
0.043576070377394034
0.00968620503635714
-0.029473567888047694
0.09918920429108596
-0.018218106559305253
0.0672414781515545
0.018027102343352835
0.01639494570488575
9.34289468442303e-05
-0.0297443151064605
0.09367167334151873
-0.014024266019140396
-0.006367818339453426
0.0517286277699831
-0.014014435196211816
-0.01759324094530005
0.0579636184258599
-0.05431292406911644
0.0470453504809296
-0.002390948190893963
0.022079826686428435
-0.06825993500904659
0.006938623879735931
0.06994060080142746
-0.009094742246123784
0.0180346034134786
0.001296945374832527
0.00011144171942383469
-0.03706235975604066
-0.0645993954381482
-0.007746307116983237
0.040575521685054905
-0.006534224500767733
-0.03608710647181699
-0.04476917684078687
-0.020130753229781483
0.02108802579807633
0.0393650784955516
0.06330841886726761
-0.024057309231811007
-0.0423921999822298
0.042062338523897395
0.004179681633907584
0.03713743093664745
-0.07609035621045075
-0.05339735189641296
0.01656571035348459
-0.0512584315946166
-0.013050780387956224
0.002458182212166754
-0.015254345233615673
-0.04558922673462349
-0.0300422730399892
-0.005312925251498242
-0.009984748864433617
0.049851795945323206
0.04215349484963716
0.01774277397483363
-0.007979352171227472
-0.057105147025174365
-0.018461422768051707
0.0019133445470607582
-0.06864862499034573
0.00798933166261942
-0.017445371871204218
-0.020888549271302667
-0.04976498171635784
0.02029171275910635
-0.0556703500130163
0.018819717423833822
-0.040981235261797984
0.04552832699437616
-0.0047787324940978615
-0.07106318787967637
0.052184210945049964
0.0291864295288033
-0.040678087909782217
-0.04567751776368723
-0.013507815587935281
0.003231846156129762
-0.025615527278723165
0.0164518302293906
-0.05321480492598271
-0.015593216800547269
0.025211705796877384
-0.04668928309145108
0.033845933656985926
-0.03723627663132535
-0.009174286337847533
0.05973861353729418
-0.0294882788071784
0.0728628245607551
-0.0401716286812101
0.05119406050100758
0.061239846838412756
0.0011302162608952944
-0.015733116078777813
0.02491375105156996
-0.0054063056213923075
0.016220421107476474
-0.061138000630541624
0.07528784991586852
0.009350193679903257
0.07039976016527681
0.04295513692508395
0.09351467389217699
-0.02625091524927619
0.009537991836746959
0.010672794340538607
-0.03955118110343847
0.0025648660465787633
-0.0225397125767855
-0.034268837890036756
0.03410565175612201
0.02661054040189931
0.02222860260715032
-0.006779384189236749
0.022116829275280765
0.030370295981704945
0.014316027859756893
0.05084308077583268
0.018514733393523056
-0.00934173972972795
-0.07311193437574752
-0.07624719811566452
0.02140347673455945
0.010287515555170467
0.024537634105859987
0.011389596092646474
-0.05298140491658649
-0.06428593820851208
0.0011660308812183023
-0.07796964853425925
0.043074011594933785
0.003722172833905663
-0.02263192185525826
-0.06470155011943476
-0.031719808127978505
-0.02187522881175011
0.06703705473517788
0.0024648506011523876
0.03769109186585953
-0.02697776361115841
-0.03523476321209124
-0.05108637249069012
-0.01002938097012304
-0.03843052514443666
0.053192695759433785
0.008366595813490781
-0.07577405826712348
-0.04903727920541802
0.0824992370711624
-0.004688758521782721
-0.024144371619749607
0.03133860549184202
-0.08681805982537595
-0.0402945985876775
-0.023038900278300422
-0.08383113420110042
0.0012338025745070133
-0.01315799131126948
0.010119079736761127
-0.0016833321780079485
-0.03307330958575385
-0.040943464226950735
-0.04759356790908056
-0.027753437664705255
0.04342916262910635
-0.07914529547819789
-0.013292844509123245
-0.0594135617409771
-0.0362145391430421
0.08697371286508426
0.024816213910807575
-0.05849402319102185
0.03346774497701467
-0.0006140734609502981
0.04358540947226503
-0.01769549013605144
-0.06502750121473701
0.10373333528223659
-0.04173759116346226
-0.05629584142427138
0.04317717427806177
-0.05795458155083171
0.007981030338066707
0.03521972181905767
-0.0030951013364291166
0.002116524902243267
-0.03604808971914602
-0.013137750662701557
0.00040837907121412694
-0.07456855166478561
-0.01977587882882372
-0.030389749165453103
-0.026880608475898096
0.042319854638003446
0.030418616492672225
-0.06480884234474953
-0.021166732386862147
0.0013102096837064997
0.003278854898166299
-0.011390016251047913
0.01636001961247154
0.041357468674671695
-0.02792592162976891
-0.01556441973757719
-0.04649871224071131
-0.02682125068767831
0.03068019092224918
0.06610988281811515
0.027976038043974954
-0.017179804723979255
0.0024363451844677726
-0.012990381348910007
0.041384484116403816
-0.03541888320136184
-0.04267839741838866
-0.05009602619737464
-0.036654555591385134
-0.0669500183152527
-0.04982849825004806
0.08493875748401679
0.05415265545852718
0.019249794906309667
-0.014724224870237976
-0.016717458739269525
-0.01776012352234675
-0.05831236374326488
0.011150963507334308
-0.012009945727763238
-0.04324983999738517
-0.033934916070689124
0.02319736131912485
-0.026628834996278338
0.001995864797411005
-0.02999208515352577
0.0198076950971497
-0.018430064684838748
0.019055243923466365
-0.014488606979321307
-0.023642802346134285
0.10517147531508572
-0.07282409992374672
-0.06626838124537604
-0.016282630045327273
0.0423930761229424
-0.03784235443034792
-0.006975452360318625
0.06710724814784827
-0.05697319599941793
0.06384225205036062
-0.01722833336123379
-0.053022507518673295
0.015226744648091622
-0.019174815111340414
0.044289939268797034
0.04500042879136884
-0.060011514456629556
-0.021410275601022873
-0.007419904651195654
0.015580077883459793
-0.039470417727461175
-0.07666602381209055
0.03390842423062993
-0.006706171567230579
0.03370261658501499
-0.045018137285706104
-0.0051552782022587255
0.02449472051834284
